X,Y
-2.288999938964843750e+02,-9.500000000000000000e+00
-2.287732630395638864e+02,-9.494494325783353617e+00
-2.286465321921384657e+02,-9.488988651979211042e+00
-2.285198013541890703e+02,-9.483482978586742718e+00
-2.283930705256970271e+02,-9.477977305605135072e+00
-2.282663397066433504e+02,-9.472471633033565652e+00
-2.281396088970093388e+02,-9.466965960871217334e+00
-2.280128780967762339e+02,-9.461460289117278322e+00
-2.278861473059252774e+02,-9.455954617770927939e+00
-2.277594165244381657e+02,-9.450448946831368602e+00
-2.276326857522961689e+02,-9.444943276297788515e+00
-2.275059549894808981e+02,-9.439437606169382988e+00
-2.273792242359739078e+02,-9.433931936445349109e+00
-2.272524934917568373e+02,-9.428426267124883964e+00
-2.271257627568115254e+02,-9.422920598207198850e+00
-2.269990320311196683e+02,-9.417414929691494407e+00
-2.268723013146631899e+02,-9.411909261576974828e+00
-2.267455706074238719e+02,-9.406403593862854962e+00
-2.266188399093836949e+02,-9.400897926548339001e+00
-2.264921092205248385e+02,-9.395392259632652454e+00
-2.263653785408293118e+02,-9.389886593115008395e+00
-2.262386478702792374e+02,-9.384380926994623451e+00
-2.261119172088568803e+02,-9.378875261270723129e+00
-2.259851865565443916e+02,-9.373369595942524057e+00
-2.258584559133242919e+02,-9.367863931009265954e+00
-2.257317252791789315e+02,-9.362358266470167223e+00
-2.256049946540907172e+02,-9.356852602324465806e+00
-2.254782640380422265e+02,-9.351346938571392542e+00
-2.253515334310158948e+02,-9.345841275210178267e+00
-2.252248028329945839e+02,-9.340335612240075136e+00
-2.250980722439609565e+02,-9.334829949660315762e+00
-2.249713416638977037e+02,-9.329324287470145194e+00
-2.248446110927877157e+02,-9.323818625668806703e+00
-2.247178805306137690e+02,-9.318312964255548891e+00
-2.245911499773589810e+02,-9.312807303229631017e+00
-2.244644194330063272e+02,-9.307301642590298130e+00
-2.243376888975388681e+02,-9.301795982336807711e+00
-2.242109583709397214e+02,-9.296290322468417244e+00
-2.240842278531920044e+02,-9.290784662984385989e+00
-2.239574973442791759e+02,-9.285279003883980309e+00
-2.238307668441844953e+02,-9.279773345166468346e+00
-2.237040363528913076e+02,-9.274267686831109359e+00
-2.235773058703830714e+02,-9.268762028877178594e+00
-2.234505753966432167e+02,-9.263256371303944192e+00
-2.233238449316554863e+02,-9.257750714110688506e+00
-2.231971144754033958e+02,-9.252245057296683228e+00
-2.230703840278707162e+02,-9.246739400861210711e+00
-2.229436535890410482e+02,-9.241233744803547978e+00
-2.228169231588984474e+02,-9.235728089122988038e+00
-2.226901927374266279e+02,-9.230222433818813244e+00
-2.225634623246095884e+02,-9.224716778890311275e+00
-2.224367319204313276e+02,-9.219211124336780472e+00
-2.223100015248757870e+02,-9.213705470157503186e+00
-2.221832711379272780e+02,-9.208199816351786637e+00
-2.220565407595699412e+02,-9.202694162918927390e+00
-2.219298103897879741e+02,-9.197188509858225558e+00
-2.218030800285657449e+02,-9.191682857168986587e+00
-2.216763496758874794e+02,-9.186177204850510591e+00
-2.215496193317378300e+02,-9.180671552902115451e+00
-2.214228889961011930e+02,-9.175165901323106610e+00
-2.212961586689621356e+02,-9.169660250112801947e+00
-2.211694283503052532e+02,-9.164154599270510460e+00
-2.210426980401151127e+02,-9.158648948795551803e+00
-2.209159677383767360e+02,-9.153143298687252738e+00
-2.207892374450747468e+02,-9.147637648944932920e+00
-2.206625071601940533e+02,-9.142131999567919109e+00
-2.205357768837195636e+02,-9.136626350555536291e+00
-2.204090466156361572e+02,-9.131120701907113002e+00
-2.202823163559290833e+02,-9.125615053621988437e+00
-2.201555861045833922e+02,-9.120109405699496463e+00
-2.200288558615842760e+02,-9.114603758138972722e+00
-2.199021256269168987e+02,-9.109098110939754633e+00
-2.197753954005664809e+02,-9.103592464101186721e+00
-2.196486651825185845e+02,-9.098086817622615285e+00
-2.195219349727585723e+02,-9.092581171503388404e+00
-2.193952047712718638e+02,-9.087075525742854154e+00
-2.192684745780439357e+02,-9.081569880340358836e+00
-2.191417443930606055e+02,-9.076064235295266514e+00
-2.190150142163074065e+02,-9.070558590606932370e+00
-2.188882840477700711e+02,-9.065052946274708034e+00
-2.187615538874343883e+02,-9.059547302297964677e+00
-2.186348237352861759e+02,-9.054041658676057480e+00
-2.185080935913114217e+02,-9.048536015408359390e+00
-2.183813634554961425e+02,-9.043030372494239799e+00
-2.182546333278262978e+02,-9.037524729933068102e+00
-2.181279032082879894e+02,-9.032019087724215467e+00
-2.180011730968672623e+02,-9.026513445867056618e+00
-2.178744429935505877e+02,-9.021007804360976934e+00
-2.177477128983240959e+02,-9.015502163205354691e+00
-2.176209828111741729e+02,-9.009996522399571717e+00
-2.174942527320872045e+02,-9.004490881943015168e+00
-2.173675226610495486e+02,-8.998985241835068649e+00
-2.172407925980479604e+02,-8.993479602075129975e+00
-2.171140625430689397e+02,-8.987973962662589855e+00
-2.169873324960990999e+02,-8.982468323596842552e+00
-2.168606024571251396e+02,-8.976962684877285881e+00
-2.167338724261338427e+02,-8.971457046503317656e+00
-2.166071424031121069e+02,-8.965951408474342799e+00
-2.164804123880468865e+02,-8.960445770789771558e+00
-2.163536823809249938e+02,-8.954940133449003525e+00
-2.162269523817334971e+02,-8.949434496451452503e+00
-2.161002223904594643e+02,-8.943928859796525188e+00
-2.159734924070901343e+02,-8.938423223483644264e+00
-2.158467624316126603e+02,-8.932917587512223534e+00
-2.157200324640143663e+02,-8.927411951881683905e+00
-2.155933025042824340e+02,-8.921906316591442732e+00
-2.154665725524042728e+02,-8.916400681640926251e+00
-2.153398426083675758e+02,-8.910895047029566030e+00
-2.152131126721596388e+02,-8.905389412756786527e+00
-2.150863827437680698e+02,-8.899883778822021085e+00
-2.149596528231805621e+02,-8.894378145224699495e+00
-2.148329229103846956e+02,-8.888872511964260426e+00
-2.147061930053684478e+02,-8.883366879040146102e+00
-2.145794631081194552e+02,-8.877861246451796973e+00
-2.144527332186256956e+02,-8.872355614198653484e+00
-2.143260033368750896e+02,-8.866849982280163189e+00
-2.141992734628555297e+02,-8.861344350695770089e+00
-2.140725435965553629e+02,-8.855838719444934171e+00
-2.139458137379625100e+02,-8.850333088527102987e+00
-2.138190838870652328e+02,-8.844827457941734750e+00
-2.136923540438517080e+02,-8.839321827688282340e+00
-2.135656242083102825e+02,-8.833816197766207523e+00
-2.134388943804294456e+02,-8.828310568174979167e+00
-2.133121645601975160e+02,-8.822804938914059036e+00
-2.131854347476030966e+02,-8.817299309982914224e+00
-2.130587049426346766e+02,-8.811793681381015375e+00
-2.129319751452807736e+02,-8.806288053107827807e+00
-2.128052453555303032e+02,-8.800782425162839928e+00
-2.126785155733719250e+02,-8.795276797545520608e+00
-2.125517857987944126e+02,-8.789771170255352928e+00
-2.124250560317866530e+02,-8.784265543291818190e+00
-2.122983262723374480e+02,-8.778759916654394146e+00
-2.121715965204360828e+02,-8.773254290342578088e+00
-2.120448667760714159e+02,-8.767748664355856647e+00
-2.119181370392326755e+02,-8.762243038693720010e+00
-2.117914073099088910e+02,-8.756737413355660138e+00
-2.116646775880893188e+02,-8.751231788341174322e+00
-2.115379478737634145e+02,-8.745726163649765184e+00
-2.114112181669204915e+02,-8.740220539280933565e+00
-2.112844884675499202e+02,-8.734714915234182087e+00
-2.111577587756412129e+02,-8.729209291509015145e+00
-2.110310290911837967e+02,-8.723703668104940689e+00
-2.109042994141675251e+02,-8.718198045021477327e+00
-2.107775697445819105e+02,-8.712692422258131231e+00
-2.106508400824167779e+02,-8.707186799814421008e+00
-2.105241104276618387e+02,-8.701681177689865265e+00
-2.103973807803068894e+02,-8.696175555883979058e+00
-2.102706511403420109e+02,-8.690669934396293428e+00
-2.101439215077571703e+02,-8.685164313226330535e+00
-2.100171918825423063e+02,-8.679658692373619644e+00
-2.098904622646875850e+02,-8.674153071837690021e+00
-2.097637326541830873e+02,-8.668647451618070932e+00
-2.096370030510191782e+02,-8.663141831714302299e+00
-2.095102734551860522e+02,-8.657636212125922270e+00
-2.093835438666741595e+02,-8.652130592852468993e+00
-2.092568142854738085e+02,-8.646624973893484167e+00
-2.091300847115753641e+02,-8.641119355248509493e+00
-2.090033551449696461e+02,-8.635613736917099104e+00
-2.088766255856471048e+02,-8.630108118898798253e+00
-2.087498960335983611e+02,-8.624602501193162851e+00
-2.086231664888142063e+02,-8.619096883799741704e+00
-2.084964369512853182e+02,-8.613591266718092498e+00
-2.083697074210026869e+02,-8.608085649947780027e+00
-2.082429778979571324e+02,-8.602580033488361977e+00
-2.081162483821396449e+02,-8.597074417339403141e+00
-2.079895188735412717e+02,-8.591568801500470087e+00
-2.078627893721529460e+02,-8.586063185971127609e+00
-2.077360598779660279e+02,-8.580557570750954710e+00
-2.076093303909716781e+02,-8.575051955839519735e+00
-2.074826009111611143e+02,-8.569546341236399911e+00
-2.073558714385257531e+02,-8.564040726941176018e+00
-2.072291419730568123e+02,-8.558535112953421731e+00
-2.071024125147459927e+02,-8.553029499272732039e+00
-2.069756830635846825e+02,-8.547523885898682394e+00
-2.068489536195644405e+02,-8.542018272830866010e+00
-2.067222241826770244e+02,-8.536512660068874325e+00
-2.065954947529139645e+02,-8.531007047612293448e+00
-2.064687653302672459e+02,-8.525501435460727251e+00
-2.063420359147285694e+02,-8.519995823613768948e+00
-2.062153065062898349e+02,-8.514490212071020636e+00
-2.060885771049430275e+02,-8.508984600832086187e+00
-2.059618477106800469e+02,-8.503478989896562368e+00
-2.058351183234931625e+02,-8.497973379264067262e+00
-2.057083889433744162e+02,-8.492467768934206518e+00
-2.055816595703158782e+02,-8.486962158906589337e+00
-2.054549302043101306e+02,-8.481456549180837357e+00
-2.053282008453491585e+02,-8.475950939756559777e+00
-2.052014714934255437e+02,-8.470445330633381786e+00
-2.050747421485316977e+02,-8.464939721810925022e+00
-2.049480128106599750e+02,-8.459434113288805790e+00
-2.048212834798032986e+02,-8.453928505066665267e+00
-2.046945541559538810e+02,-8.448422897144117982e+00
-2.045678248391047021e+02,-8.442917289520803337e+00
-2.044410955292484005e+02,-8.437411682196357177e+00
-2.043143662263777856e+02,-8.431906075170406467e+00
-2.041876369304858940e+02,-8.426400468442604819e+00
-2.040609076415653362e+02,-8.420894862012577420e+00
-2.039341783596094615e+02,-8.415389255879979657e+00
-2.038074490846111644e+02,-8.409883650044450931e+00
-2.036807198165635100e+02,-8.404378044505637746e+00
-2.035539905554599045e+02,-8.398872439263202594e+00
-2.034272613012932993e+02,-8.393366834316784875e+00
-2.033005320540572143e+02,-8.387861229666048857e+00
-2.031738028137449987e+02,-8.382355625310651703e+00
-2.030470735803499451e+02,-8.376850021250247025e+00
-2.029203443538657154e+02,-8.371344417484506195e+00
-2.027936151342858011e+02,-8.365838814013091707e+00
-2.026668859216038072e+02,-8.360333210835673157e+00
-2.025401567158134526e+02,-8.354827607951914814e+00
-2.024134275169083139e+02,-8.349322005361489829e+00
-2.022866983248824795e+02,-8.343816403064080234e+00
-2.021599691397295828e+02,-8.338310801059357402e+00
-2.020332399614436554e+02,-8.332805199347005143e+00
-2.019065107900186433e+02,-8.327299597926701935e+00
-2.017797816254484928e+02,-8.321793996798129811e+00
-2.016530524677275480e+02,-8.316288395960983237e+00
-2.015263233168498687e+02,-8.310782795414947799e+00
-2.013995941728096000e+02,-8.305277195159714410e+00
-2.012728650356011713e+02,-8.299771595194979312e+00
-2.011461359052187845e+02,-8.294265995520433421e+00
-2.010194067816570396e+02,-8.288760396135783637e+00
-2.008926776649103090e+02,-8.283254797040727979e+00
-2.007659485549731357e+02,-8.277749198234971573e+00
-2.006392194518401766e+02,-8.272243599718217766e+00
-2.005124903555059461e+02,-8.266738001490173460e+00
-2.003857612659654137e+02,-8.261232403550557990e+00
-2.002590321832131508e+02,-8.255726805899078258e+00
-2.001323031072441267e+02,-8.250221208535451822e+00
-2.000055740380532541e+02,-8.244715611459398019e+00
-1.998788449756353600e+02,-8.239210014670632631e+00
-1.997521159199856697e+02,-8.233704418168885653e+00
-1.996253868710992379e+02,-8.228198821953879971e+00
-1.994986578289710906e+02,-8.222693226025342028e+00
-1.993719287935965667e+02,-8.217187630383003594e+00
-1.992451997649708915e+02,-8.211682035026594662e+00
-1.991184707430894605e+02,-8.206176439955854107e+00
-1.989917417279476695e+02,-8.200670845170519030e+00
-1.988650127195409709e+02,-8.195165250670328305e+00
-1.987382837178648742e+02,-8.189659656455026138e+00
-1.986115547229148888e+02,-8.184154062524349627e+00
-1.984848257346868365e+02,-8.178648468878057187e+00
-1.983580967531763690e+02,-8.173142875515893024e+00
-1.982313677783791945e+02,-8.167637282437610224e+00
-1.981046388102912204e+02,-8.162131689642960097e+00
-1.979779098489082116e+02,-8.156626097131701059e+00
-1.978511808942263599e+02,-8.151120504903593300e+00
-1.977244519462415155e+02,-8.145614912958400566e+00
-1.975977230049498417e+02,-8.140109321295884826e+00
-1.974709940703474160e+02,-8.134603729915811599e+00
-1.973442651424303449e+02,-8.129098138817944630e+00
-1.972175362211951892e+02,-8.123592548002068980e+00
-1.970908073066380268e+02,-8.118086957467948395e+00
-1.969640783987553618e+02,-8.112581367215360828e+00
-1.968373494975435847e+02,-8.107075777244084236e+00
-1.967106206029991711e+02,-8.101570187553898350e+00
-1.965838917151188525e+02,-8.096064598144591784e+00
-1.964571628338991331e+02,-8.090559009015946046e+00
-1.963304339593367729e+02,-8.085053420167751526e+00
-1.962037050914285601e+02,-8.079547831599796837e+00
-1.960769762301710841e+02,-8.074042243311872369e+00
-1.959502473755615597e+02,-8.068536655303780947e+00
-1.958235185275967751e+02,-8.063031067575316513e+00
-1.956967896862736893e+02,-8.057525480126276562e+00
-1.955700608515894885e+02,-8.052019892956469249e+00
-1.954433320235411031e+02,-8.046514306065690292e+00
-1.953166032021259468e+02,-8.041008719453758502e+00
-1.951898743873412059e+02,-8.035503133120478481e+00
-1.950631455791841233e+02,-8.029997547065661934e+00
-1.949364167776521981e+02,-8.024491961289124120e+00
-1.948096879827426449e+02,-8.018986375790680299e+00
-1.946829591944532183e+02,-8.013480790570156387e+00
-1.945562304127813604e+02,-8.007975205627365867e+00
-1.944295016377246554e+02,-8.002469620962138208e+00
-1.943027728692809433e+02,-7.996964036574300216e+00
-1.941760441074477228e+02,-7.991458452463675144e+00
-1.940493153522230045e+02,-7.985952868630103119e+00
-1.939225866036046000e+02,-7.980447285073413610e+00
-1.937958578615903775e+02,-7.974941701793440529e+00
-1.936691291261785182e+02,-7.969436118790031109e+00
-1.935424003973667482e+02,-7.963930536063013932e+00
-1.934156716751535328e+02,-7.958424953612244224e+00
-1.932889429595368256e+02,-7.952919371437563001e+00
-1.931622142505149213e+02,-7.947413789538815720e+00
-1.930354855480862284e+02,-7.941908207915863827e+00
-1.929087568522488425e+02,-7.936402626568543894e+00
-1.927820281630014847e+02,-7.930897045496727138e+00
-1.926552994803425065e+02,-7.925391464700263455e+00
-1.925285708042703732e+02,-7.919885884179013402e+00
-1.924018421347839194e+02,-7.914380303932847305e+00
-1.922751134718814967e+02,-7.908874723961615949e+00
-1.921483848155621672e+02,-7.903369144265202095e+00
-1.920216561658245098e+02,-7.897863564843468076e+00
-1.918949275226674160e+02,-7.892357985696285105e+00
-1.917681988860899196e+02,-7.886852406823537720e+00
-1.916414702560907699e+02,-7.881346828225088252e+00
-1.915147416326692564e+02,-7.875841249900830121e+00
-1.913880130158243276e+02,-7.870335671850638093e+00
-1.912612844055551591e+02,-7.864830094074395817e+00
-1.911345558018610973e+02,-7.859324516571998487e+00
-1.910078272047411758e+02,-7.853818939343323535e+00
-1.908810986141950536e+02,-7.848313362388275038e+00
-1.907543700302219065e+02,-7.842807785706737533e+00
-1.906276414528212513e+02,-7.837302209298611544e+00
-1.905009128819928037e+02,-7.831796633163800259e+00
-1.903741843177359101e+02,-7.826291057302195320e+00
-1.902474557600502862e+02,-7.820785481713707021e+00
-1.901207272089357616e+02,-7.815279906398242105e+00
-1.899939986643919667e+02,-7.809774331355703758e+00
-1.898672701264189584e+02,-7.804268756586013822e+00
-1.897405415950163672e+02,-7.798763182089073709e+00
-1.896138130701843352e+02,-7.793257607864804370e+00
-1.894870845519228340e+02,-7.787752033913124095e+00
-1.893603560402319204e+02,-7.782246460233952945e+00
-1.892336275351119355e+02,-7.776740886827219867e+00
-1.891068990365627940e+02,-7.771235313692840485e+00
-1.889801705445849507e+02,-7.765729740830749073e+00
-1.888534420591786898e+02,-7.760224168240873688e+00
-1.887267135803443807e+02,-7.754718595923145052e+00
-1.885999851080826488e+02,-7.749213023877508988e+00
-1.884732566423937499e+02,-7.743707452103886446e+00
-1.883465281832784513e+02,-7.738201880602229465e+00
-1.882197997307373214e+02,-7.732696309372476762e+00
-1.880930712847710140e+02,-7.727190738414570603e+00
-1.879663428453805523e+02,-7.721685167728467469e+00
-1.878396144125664193e+02,-7.716179597314104299e+00
-1.877128859863296952e+02,-7.710674027171441125e+00
-1.875861575666713179e+02,-7.705168457300430873e+00
-1.874594291535921684e+02,-7.699662887701027358e+00
-1.873327007470936110e+02,-7.694157318373198606e+00
-1.872059723471764130e+02,-7.688651749316892214e+00
-1.870792439538420524e+02,-7.683146180532085090e+00
-1.869525155670916945e+02,-7.677640612018736377e+00
-1.868257871869265614e+02,-7.672135043776816765e+00
-1.866990588133482731e+02,-7.666629475806304050e+00
-1.865723304463579666e+02,-7.661123908107159153e+00
-1.864456020859573755e+02,-7.655618340679366973e+00
-1.863188737321480062e+02,-7.650112773522904419e+00
-1.861921453849313934e+02,-7.644607206637749286e+00
-1.860654170443094984e+02,-7.639101640023894468e+00
-1.859386887102837136e+02,-7.633596073681313321e+00
-1.858119603828560571e+02,-7.628090507610000515e+00
-1.856852320620284331e+02,-7.622584941809948056e+00
-1.855585037478025754e+02,-7.617079376281140846e+00
-1.854317754401808145e+02,-7.611573811023588654e+00
-1.853050471391648557e+02,-7.606068246037272829e+00
-1.851783188447570296e+02,-7.600562681322204028e+00
-1.850515905569595247e+02,-7.595057116878384917e+00
-1.849248622757743874e+02,-7.589551552705811943e+00
-1.847981340012042324e+02,-7.584045988804505534e+00
-1.846714057332511345e+02,-7.578540425174463024e+00
-1.845446774719176801e+02,-7.573034861815703955e+00
-1.844179492172063988e+02,-7.567529298728242537e+00
-1.842912209691196210e+02,-7.562023735912089428e+00
-1.841644927276602743e+02,-7.556518173367275715e+00
-1.840377644928307461e+02,-7.551012611093811167e+00
-1.839110362646339354e+02,-7.545507049091728646e+00
-1.837843080430726843e+02,-7.540001487361053023e+00
-1.836575798281496361e+02,-7.534495925901806501e+00
-1.835308516198679740e+02,-7.528990364714033490e+00
-1.834041234182304834e+02,-7.523484803797755305e+00
-1.832773952232403190e+02,-7.517979243153016355e+00
-1.831506670349005503e+02,-7.512473682779853057e+00
-1.830239388532142755e+02,-7.506968122678302713e+00
-1.828972106781849334e+02,-7.501462562848418614e+00
-1.827704825098155936e+02,-7.495957003290234510e+00
-1.826437543481096668e+02,-7.490451444003808135e+00
-1.825170261930707056e+02,-7.484945884989189224e+00
-1.823902980447019218e+02,-7.479440326246422188e+00
-1.822635699030071521e+02,-7.473934767775575416e+00
-1.821368417679898357e+02,-7.468429209576697758e+00
-1.820101136396535821e+02,-7.462923651649854051e+00
-1.818833855180022852e+02,-7.457418093995107355e+00
-1.817566574030394690e+02,-7.451912536612517179e+00
-1.816299292947692834e+02,-7.446406979502159018e+00
-1.815032011931954798e+02,-7.440901422664098597e+00
-1.813764730983220090e+02,-7.435395866098408746e+00
-1.812497450101529921e+02,-7.429890309805166737e+00
-1.811230169286923228e+02,-7.424384753784443625e+00
-1.809962888539444634e+02,-7.418879198036327338e+00
-1.808695607859134213e+02,-7.413373642560896926e+00
-1.807428327246034598e+02,-7.407868087358233211e+00
-1.806161046700190695e+02,-7.402362532428428565e+00
-1.804893766221644569e+02,-7.396856977771565589e+00
-1.803626485810442546e+02,-7.391351423387744646e+00
-1.802359205466628964e+02,-7.385845869277055442e+00
-1.801091925190249867e+02,-7.380340315439592125e+00
-1.799824644981352435e+02,-7.374834761875460387e+00
-1.798557364839981858e+02,-7.369329208584752600e+00
-1.797290084766188158e+02,-7.363823655567580673e+00
-1.796022804760018232e+02,-7.358318102824046747e+00
-1.794755524821521249e+02,-7.352812550354261845e+00
-1.793488244950747514e+02,-7.347306998158336100e+00
-1.792220965147745346e+02,-7.341801446236377870e+00
-1.790953685412567893e+02,-7.336295894588512390e+00
-1.789686405745265461e+02,-7.330790343214851568e+00
-1.788419126145889493e+02,-7.325284792115517973e+00
-1.787151846614493707e+02,-7.319779241290635063e+00
-1.785884567151129545e+02,-7.314273690740323630e+00
-1.784617287755853852e+02,-7.308768140464720453e+00
-1.783350008428718638e+02,-7.303262590463949877e+00
-1.782082729169779896e+02,-7.297757040738145129e+00
-1.780815449979093614e+02,-7.292251491287444765e+00
-1.779548170856714933e+02,-7.286745942111977570e+00
-1.778280891802702399e+02,-7.281240393211895423e+00
-1.777013612817112573e+02,-7.275734844587331551e+00
-1.775746333900003435e+02,-7.270229296238434280e+00
-1.774479055051435807e+02,-7.264723748165355488e+00
-1.773211776271465396e+02,-7.259218200368232843e+00
-1.771944497560155867e+02,-7.253712652847229769e+00
-1.770677218917565767e+02,-7.248207105602494593e+00
-1.769409940343756489e+02,-7.242701558634184522e+00
-1.768142661838792264e+02,-7.237196011942464757e+00
-1.766875383402731359e+02,-7.231690465527485401e+00
-1.765608105035641131e+02,-7.226184919389423200e+00
-1.764340826737582972e+02,-7.220679373528437139e+00
-1.763073548508621116e+02,-7.215173827944695084e+00
-1.761806270348822352e+02,-7.209668282638377335e+00
-1.760538992258249209e+02,-7.204162737609644651e+00
-1.759271714236970752e+02,-7.198657192858684439e+00
-1.758004436285052634e+02,-7.193151648385668118e+00
-1.756737158402562216e+02,-7.187646104190777763e+00
-1.755469880589568845e+02,-7.182140560274204333e+00
-1.754202602846137893e+02,-7.176635016636119246e+00
-1.752935325172342402e+02,-7.171129473276723232e+00
-1.751668047568250017e+02,-7.165623930196201030e+00
-1.750400770033932076e+02,-7.160118387394745376e+00
-1.749133492569460202e+02,-7.154612844872557886e+00
-1.747866215174904028e+02,-7.149107302629826854e+00
-1.746598937850338302e+02,-7.143601760666760114e+00
-1.745331660595834649e+02,-7.138096218983555730e+00
-1.744064383411466963e+02,-7.132590677580418870e+00
-1.742797106297310563e+02,-7.127085136457563586e+00
-1.741529829253438209e+02,-7.121579595615189717e+00
-1.740262552279926638e+02,-7.116074055053516645e+00
-1.738995275376851737e+02,-7.110568514772756643e+00
-1.737727998544289107e+02,-7.105062974773123763e+00
-1.736460721782318899e+02,-7.099557435054848042e+00
-1.735193445091015860e+02,-7.094051895618136427e+00
-1.733926168470460141e+02,-7.088546356463225173e+00
-1.732658891920730184e+02,-7.083040817590334548e+00
-1.731391615441905856e+02,-7.077535278999694590e+00
-1.730124339034069294e+02,-7.072029740691542443e+00
-1.728857062697298375e+02,-7.066524202666103704e+00
-1.727589786431676941e+02,-7.061018664923619959e+00
-1.726322510237286281e+02,-7.055513127464328349e+00
-1.725055234114209100e+02,-7.050007590288468684e+00
-1.723787958062530379e+02,-7.044502053396290542e+00
-1.722520682082331973e+02,-7.038996516788030178e+00
-1.721253406173700000e+02,-7.033490980463944275e+00
-1.719986130336719441e+02,-7.027985444424280637e+00
-1.718718854571475845e+02,-7.022479908669289728e+00
-1.717451578878056750e+02,-7.016974373199236226e+00
-1.716184303256548276e+02,-7.011468838014366156e+00
-1.714917027707038244e+02,-7.005963303114946861e+00
-1.713649752229615615e+02,-7.000457768501241240e+00
-1.712382476824368496e+02,-6.994952234173510419e+00
-1.711115201491388689e+02,-6.989446700132029733e+00
-1.709847926230763164e+02,-6.983941166377060306e+00
-1.708580651042585146e+02,-6.978435632908881026e+00
-1.707313375926945582e+02,-6.972930099727764564e+00
-1.706046100883935424e+02,-6.967424566833985367e+00
-1.704778825913649882e+02,-6.961919034227832093e+00
-1.703511551016179055e+02,-6.956413501909575636e+00
-1.702244276191619292e+02,-6.950907969879507320e+00
-1.700977001440064384e+02,-6.945402438137912249e+00
-1.699709726761608692e+02,-6.939896906685079081e+00
-1.698442452156350271e+02,-6.934391375521305356e+00
-1.697175177624383196e+02,-6.928885844646875292e+00
-1.695907903165804669e+02,-6.923380314062091756e+00
-1.694640628780713882e+02,-6.917874783767254065e+00
-1.693373354469207186e+02,-6.912369253762657983e+00
-1.692106080231385761e+02,-6.906863724048617925e+00
-1.690838806067346241e+02,-6.901358194625428766e+00
-1.689571531977190659e+02,-6.895852665493406697e+00
-1.688304257961019630e+02,-6.890347136652860804e+00
-1.687036984018932912e+02,-6.884841608104098398e+00
-1.685769710151035383e+02,-6.879336079847448993e+00
-1.684502436357426234e+02,-6.873830551883216344e+00
-1.683235162638210909e+02,-6.868325024211729968e+00
-1.681967888993492579e+02,-6.862819496833310495e+00
-1.680700615423374700e+02,-6.857313969748280336e+00
-1.679433341927964705e+02,-6.851808442956976108e+00
-1.678166068507365480e+02,-6.846302916459718446e+00
-1.676898795161684745e+02,-6.840797390256843968e+00
-1.675631521891029934e+02,-6.835291864348690183e+00
-1.674364248695506205e+02,-6.829786338735589268e+00
-1.673096975575224405e+02,-6.824280813417889391e+00
-1.671829702530291684e+02,-6.818775288395922729e+00
-1.670562429560817179e+02,-6.813269763670042778e+00
-1.669295156666912305e+02,-6.807764239240591486e+00
-1.668027883848685065e+02,-6.802258715107917908e+00
-1.666760611106250565e+02,-6.796753191272382644e+00
-1.665493338439716808e+02,-6.791247667734327642e+00
-1.664226065849197767e+02,-6.785742144494117944e+00
-1.662958793334807126e+02,-6.780236621552112375e+00
-1.661691520896656300e+02,-6.774731098908665317e+00
-1.660424248534862670e+02,-6.769225576564151581e+00
-1.659156976249539071e+02,-6.763720054518931768e+00
-1.657889704040800893e+02,-6.758214532773374472e+00
-1.656622431908765805e+02,-6.752709011327853617e+00
-1.655355159853548628e+02,-6.747203490182737795e+00
-1.654087887875267597e+02,-6.741697969338408036e+00
-1.652820615974041232e+02,-6.736192448795242704e+00
-1.651553344149987765e+02,-6.730686928553619275e+00
-1.650286072403225148e+02,-6.725181408613924106e+00
-1.649018800733875310e+02,-6.719675888976542666e+00
-1.647751529142056768e+02,-6.714170369641861313e+00
-1.646484257627892021e+02,-6.708664850610271735e+00
-1.645216986191501860e+02,-6.703159331882168281e+00
-1.643949714833008784e+02,-6.697653813457944416e+00
-1.642682443552535574e+02,-6.692148295337997155e+00
-1.641415172350205864e+02,-6.686642777522727954e+00
-1.640147901226143858e+02,-6.681137260012540935e+00
-1.638880630180474327e+02,-6.675631742807839331e+00
-1.637613359213322326e+02,-6.670126225909029927e+00
-1.636346088324814332e+02,-6.664620709316523062e+00
-1.635078817515076253e+02,-6.659115193030732627e+00
-1.633811546784235702e+02,-6.653609677052072513e+00
-1.632544276132420862e+02,-6.648104161380958388e+00
-1.631277005559759345e+02,-6.642598646017811248e+00
-1.630009735066380472e+02,-6.637093130963051202e+00
-1.628742464652414697e+02,-6.631587616217104575e+00
-1.627475194317991338e+02,-6.626082101780397693e+00
-1.626207924063241421e+02,-6.620576587653358658e+00
-1.624940653888297106e+02,-6.615071073836420013e+00
-1.623673383793289986e+02,-6.609565560330014300e+00
-1.622406113778352506e+02,-6.604060047134579392e+00
-1.621138843843618815e+02,-6.598554534250554049e+00
-1.619871573989222497e+02,-6.593049021678377919e+00
-1.618604304215298555e+02,-6.587543509418495979e+00
-1.617337034521981423e+02,-6.582037997471352320e+00
-1.616069764909407240e+02,-6.576532485837398134e+00
-1.614802495377712717e+02,-6.571026974517083730e+00
-1.613535225927034844e+02,-6.565521463510859412e+00
-1.612267956557511184e+02,-6.560015952819184371e+00
-1.611000687269279581e+02,-6.554510442442513352e+00
-1.609733418062480439e+02,-6.549004932381310873e+00
-1.608466148937251603e+02,-6.543499422636035234e+00
-1.607198879893734329e+02,-6.537993913207154506e+00
-1.605931610932068736e+02,-6.532488404095135870e+00
-1.604664342052396364e+02,-6.526982895300449172e+00
-1.603397073254859322e+02,-6.521477386823566924e+00
-1.602129804539600002e+02,-6.515971878664963413e+00
-1.600862535906762218e+02,-6.510466370825118254e+00
-1.599595267356489217e+02,-6.504960863304507512e+00
-1.598327998888925379e+02,-6.499455356103617909e+00
-1.597060730504216224e+02,-6.493949849222929060e+00
-1.595793462202506987e+02,-6.488444342662931241e+00
-1.594526193983944893e+02,-6.482938836424112061e+00
-1.593258925848675744e+02,-6.477433330506964460e+00
-1.591991657796847619e+02,-6.471927824911982263e+00
-1.590724389828608878e+02,-6.466422319639661964e+00
-1.589457121944107598e+02,-6.460916814690502719e+00
-1.588189854143493847e+02,-6.455411310065005459e+00
-1.586922586426917690e+02,-6.449905805763674671e+00
-1.585655318794528910e+02,-6.444400301787016616e+00
-1.584388051246479563e+02,-6.438894798135538444e+00
-1.583120783782921421e+02,-6.433389294809752634e+00
-1.581853516404006541e+02,-6.427883791810171665e+00
-1.580586249109887831e+02,-6.422378289137311569e+00
-1.579318981900719905e+02,-6.416872786791692818e+00
-1.578051714776656524e+02,-6.411367284773833219e+00
-1.576784447737852588e+02,-6.405861783084256800e+00
-1.575517180784463562e+02,-6.400356281723490248e+00
-1.574249913916646051e+02,-6.394850780692059367e+00
-1.572982647134556373e+02,-6.389345279990496174e+00
-1.571715380438352554e+02,-6.383839779619331800e+00
-1.570448113828191765e+02,-6.378334279579102706e+00
-1.569180847304233168e+02,-6.372828779870348015e+00
-1.567913580866635641e+02,-6.367323280493603299e+00
-1.566646314515559482e+02,-6.361817781449413012e+00
-1.565379048251165273e+02,-6.356312282738324271e+00
-1.564111782073613597e+02,-6.350806784360880641e+00
-1.562844515983066742e+02,-6.345301286317633682e+00
-1.561577249979686144e+02,-6.339795788609134952e+00
-1.560309984063636080e+02,-6.334290291235940451e+00
-1.559042718235078837e+02,-6.328784794198603514e+00
-1.557775452494178978e+02,-6.323279297497687246e+00
-1.556508186841101917e+02,-6.317773801133749423e+00
-1.555240921276012216e+02,-6.312268305107357591e+00
-1.553973655799076425e+02,-6.306762809419075744e+00
-1.552706390410460813e+02,-6.301257314069473203e+00
-1.551439125110333350e+02,-6.295751819059123733e+00
-1.550171859898861157e+02,-6.290246324388597543e+00
-1.548904594776212775e+02,-6.284740830058472838e+00
-1.547637329742557881e+02,-6.279235336069327822e+00
-1.546370064798065869e+02,-6.273729842421741587e+00
-1.545102799942906699e+02,-6.268224349116300331e+00
-1.543835535177252041e+02,-6.262718856153588476e+00
-1.542568270501272991e+02,-6.257213363534192219e+00
-1.541301005915141786e+02,-6.251707871258707527e+00
-1.540033741419031514e+02,-6.246202379327720600e+00
-1.538766477013115548e+02,-6.240696887741831844e+00
-1.537499212697567543e+02,-6.235191396501636341e+00
-1.536231948472562578e+02,-6.229685905607735386e+00
-1.534964684338275731e+02,-6.224180415060732052e+00
-1.533697420294882647e+02,-6.218674924861229414e+00
-1.532430156342560394e+02,-6.213169435009838537e+00
-1.531162892481485471e+02,-6.207663945507165160e+00
-1.529895628711836366e+02,-6.202158456353823013e+00
-1.528628365033790715e+02,-6.196652967550427604e+00
-1.527361101447528142e+02,-6.191147479097595330e+00
-1.526093837953227137e+02,-6.185641990995946138e+00
-1.524826574551069598e+02,-6.180136503246101753e+00
-1.523559311241234866e+02,-6.174631015848684790e+00
-1.522292048023904556e+02,-6.169125528804324077e+00
-1.521024784899261704e+02,-6.163620042113648445e+00
-1.519757521867487924e+02,-6.158114555777287613e+00
-1.518490258928767105e+02,-6.152609069795879293e+00
-1.517222996083282567e+02,-6.147103584170055868e+00
-1.515955733331219619e+02,-6.141598098900457714e+00
-1.514688470672763287e+02,-6.136092613987726097e+00
-1.513421208108098313e+02,-6.130587129432503168e+00
-1.512153945637411994e+02,-6.125081645235438188e+00
-1.510886683260891061e+02,-6.119576161397175973e+00
-1.509619420978723383e+02,-6.114070677918370222e+00
-1.508352158791096542e+02,-6.108565194799671083e+00
-1.507084896698200396e+02,-6.103059712041737583e+00
-1.505817634700223095e+02,-6.097554229645225199e+00
-1.504550372797355635e+02,-6.092048747610793846e+00
-1.503283110989788440e+02,-6.086543265939110547e+00
-1.502015849277712221e+02,-6.081037784630834331e+00
-1.500748587661319959e+02,-6.075532303686638436e+00
-1.499481326140803787e+02,-6.070026823107189884e+00
-1.498214064716356404e+02,-6.064521342893163691e+00
-1.496946803388171929e+02,-6.059015863045230432e+00
-1.495679542156445052e+02,-6.053510383564071340e+00
-1.494412281021369893e+02,-6.048004904450364982e+00
-1.493145019983142845e+02,-6.042499425704792593e+00
-1.491877759041960019e+02,-6.036993947328040733e+00
-1.490610498198018092e+02,-6.031488469320794188e+00
-1.489343237451514597e+02,-6.025982991683742185e+00
-1.488075976802647631e+02,-6.020477514417580167e+00
-1.486808716251615010e+02,-6.014972037522996473e+00
-1.485541455798617392e+02,-6.009466561000692764e+00
-1.484274195443854296e+02,-6.003961084851365371e+00
-1.483006935187525812e+02,-5.998455609075715067e+00
-1.481739675029833734e+02,-5.992950133674449731e+00
-1.480472414970979003e+02,-5.987444658648271023e+00
-1.479205155011164834e+02,-5.981939183997889486e+00
-1.477937895150594159e+02,-5.976433709724016552e+00
-1.476670635389469624e+02,-5.970928235827364539e+00
-1.475403375727996149e+02,-5.965422762308649318e+00
-1.474136116166379225e+02,-5.959917289168591203e+00
-1.472868856704823486e+02,-5.954411816407908731e+00
-1.471601597343535275e+02,-5.948906344027325765e+00
-1.470334338082721217e+02,-5.943400872027568838e+00
-1.469067078922588792e+02,-5.937895400409361812e+00
-1.467799819863345476e+02,-5.932389929173440102e+00
-1.466532560905200171e+02,-5.926884458320533788e+00
-1.465265302048362344e+02,-5.921378987851378284e+00
-1.463998043293041178e+02,-5.915873517766710776e+00
-1.462730784639447563e+02,-5.910368048067272007e+00
-1.461463526087792104e+02,-5.904862578753803604e+00
-1.460196267638286542e+02,-5.899357109827052525e+00
-1.458929009291143757e+02,-5.893851641287763066e+00
-1.457661751046575489e+02,-5.888346173136685735e+00
-1.456394492904796039e+02,-5.882840705374572821e+00
-1.455127234866019137e+02,-5.877335238002179274e+00
-1.453859976930459652e+02,-5.871829771020260047e+00
-1.452592719098332736e+02,-5.866324304429577197e+00
-1.451325461369854963e+02,-5.860818838230889227e+00
-1.450058203745242054e+02,-5.855313372424962637e+00
-1.448790946224711433e+02,-5.849807907012563035e+00
-1.447523688808481381e+02,-5.844302441994458697e+00
-1.446256431496769608e+02,-5.838796977371422336e+00
-1.444989174289795812e+02,-5.833291513144225782e+00
-1.443721917187778843e+02,-5.827786049313646188e+00
-1.442454660190939819e+02,-5.822280585880461601e+00
-1.441187403299498726e+02,-5.816775122845453616e+00
-1.439920146513677821e+02,-5.811269660209405608e+00
-1.438652889833698794e+02,-5.805764197973102725e+00
-1.437385633259784470e+02,-5.800258736137333671e+00
-1.436118376792157960e+02,-5.794753274702887147e+00
-1.434851120431044365e+02,-5.789247813670558962e+00
-1.433583864176666793e+02,-5.783742353041143147e+00
-1.432316608029250915e+02,-5.778236892815435510e+00
-1.431049351989022682e+02,-5.772731432994240741e+00
-1.429782096056208616e+02,-5.767225973578357312e+00
-1.428514840231035521e+02,-5.761720514568592577e+00
-1.427247584513730772e+02,-5.756215055965752114e+00
-1.425980328904523446e+02,-5.750709597770648607e+00
-1.424713073403641772e+02,-5.745204139984091185e+00
-1.423445818011315964e+02,-5.739698682606896085e+00
-1.422178562727775102e+02,-5.734193225639880431e+00
-1.420911307553250538e+02,-5.728687769083863124e+00
-1.419644052487973624e+02,-5.723182312939666616e+00
-1.418376797532175999e+02,-5.717676857208112473e+00
-1.417109542686090720e+02,-5.712171401890032918e+00
-1.415842287949950560e+02,-5.706665946986253957e+00
-1.414575033323989715e+02,-5.701160492497605148e+00
-1.413307778808442663e+02,-5.695655038424923156e+00
-1.412040524403543884e+02,-5.690149584769042868e+00
-1.410773270109529278e+02,-5.684644131530802724e+00
-1.409506015926635598e+02,-5.679138678711047383e+00
-1.408238761855099312e+02,-5.673633226310616173e+00
-1.406971507895157742e+02,-5.668127774330356416e+00
-1.405704254047049346e+02,-5.662622322771117211e+00
-1.404437000311012582e+02,-5.657116871633749433e+00
-1.403169746687287613e+02,-5.651611420919105733e+00
-1.401902493176113467e+02,-5.646105970628041426e+00
-1.400635239777731158e+02,-5.640600520761415382e+00
-1.399367986492381988e+02,-5.635095071320084692e+00
-1.398100733320307540e+02,-5.629589622304918883e+00
-1.396833480261750537e+02,-5.624084173716777713e+00
-1.395566227316953416e+02,-5.618578725556531595e+00
-1.394298974486160603e+02,-5.613073277825047391e+00
-1.393031721769615956e+02,-5.607567830523199959e+00
-1.391764469167564471e+02,-5.602062383651864153e+00
-1.390497216680251995e+02,-5.596556937211917493e+00
-1.389229964307924376e+02,-5.591051491204239277e+00
-1.387962712050828316e+02,-5.585546045629711465e+00
-1.386695459909211081e+02,-5.580040600489217795e+00
-1.385428207883320795e+02,-5.574535155783646445e+00
-1.384160955973406431e+02,-5.569029711513886483e+00
-1.382893704179716963e+02,-5.563524267680828750e+00
-1.381626452502501365e+02,-5.558018824285370307e+00
-1.380359200942011455e+02,-5.552513381328403774e+00
-1.379091949498497911e+02,-5.547007938810830652e+00
-1.377824698172211981e+02,-5.541502496733551553e+00
-1.376557446963406335e+02,-5.535997055097470643e+00
-1.375290195872334209e+02,-5.530491613903493864e+00
-1.374022944899247705e+02,-5.524986173152528046e+00
-1.372755694044402901e+02,-5.519480732845487125e+00
-1.371488443308053036e+02,-5.513975292983285037e+00
-1.370221192690454473e+02,-5.508469853566835717e+00
-1.368953942191862723e+02,-5.502964414597055764e+00
-1.367686691812534150e+02,-5.497458976074867998e+00
-1.366419441552727392e+02,-5.491953538001197899e+00
-1.365152191412698244e+02,-5.486448100376967396e+00
-1.363884941392707049e+02,-5.480942663203104637e+00
-1.362617691493011591e+02,-5.475437226480540431e+00
-1.361350441713871646e+02,-5.469931790210207367e+00
-1.360083192055548409e+02,-5.464426354393042473e+00
-1.358815942518302222e+02,-5.458920919029980112e+00
-1.357548693102395134e+02,-5.453415484121963530e+00
-1.356281443808088341e+02,-5.447910049669931531e+00
-1.355014194635645026e+02,-5.442404615674831803e+00
-1.353746945585329513e+02,-5.436899182137610254e+00
-1.352479696657404133e+02,-5.431393749059217235e+00
-1.351212447852135199e+02,-5.425888316440603987e+00
-1.349945199169786747e+02,-5.420382884282724412e+00
-1.348677950610625089e+02,-5.414877452586536855e+00
-1.347410702174916821e+02,-5.409372021352998772e+00
-1.346143453862928823e+02,-5.403866590583073837e+00
-1.344876205674929111e+02,-5.398361160277723947e+00
-1.343608957611185417e+02,-5.392855730437918105e+00
-1.342341709671967465e+02,-5.387350301064621760e+00
-1.341074461857543838e+02,-5.381844872158810134e+00
-1.339807214168185396e+02,-5.376339443721452227e+00
-1.338539966604163283e+02,-5.370834015753528590e+00
-1.337272719165748072e+02,-5.365328588256015330e+00
-1.336005471853212327e+02,-5.359823161229894772e+00
-1.334738224666828330e+02,-5.354317734676148355e+00
-1.333470977606869496e+02,-5.348812308595762843e+00
-1.332203730673610096e+02,-5.343306882989727669e+00
-1.330936483867323261e+02,-5.337801457859030485e+00
-1.329669237188285820e+02,-5.332296033204666941e+00
-1.328401990636773178e+02,-5.326790609027631795e+00
-1.327134744213060458e+02,-5.321285185328921585e+00
-1.325867497917425908e+02,-5.315779762109536399e+00
-1.324600251750146356e+02,-5.310274339370479879e+00
-1.323333005711499766e+02,-5.304768917112757443e+00
-1.322065759801766092e+02,-5.299263495337375396e+00
-1.320798514021223582e+02,-5.293758074045345374e+00
-1.319531268370153612e+02,-5.288252653237677237e+00
-1.318264022848834998e+02,-5.282747232915386171e+00
-1.316996777457550252e+02,-5.277241813079490917e+00
-1.315729532196581317e+02,-5.271736393731009329e+00
-1.314462287066209569e+02,-5.266230974870963699e+00
-1.313195042066719509e+02,-5.260725556500378097e+00
-1.311927797198394217e+02,-5.255220138620279258e+00
-1.310660552461517909e+02,-5.249714721231695691e+00
-1.309393307856376225e+02,-5.244209304335661237e+00
-1.308126063383253666e+02,-5.238703887933207071e+00
-1.306858819042437574e+02,-5.233198472025372361e+00
-1.305591574834213588e+02,-5.227693056613191835e+00
-1.304324330758870190e+02,-5.222187641697709992e+00
-1.303057086816695005e+02,-5.216682227279970441e+00
-1.301789843007976515e+02,-5.211176813361017679e+00
-1.300522599333004052e+02,-5.205671399941899757e+00
-1.299255355792067803e+02,-5.200165987023668279e+00
-1.297988112385458237e+02,-5.194660574607375736e+00
-1.296720869113466392e+02,-5.189155162694080836e+00
-1.295453625976383876e+02,-5.183649751284836960e+00
-1.294186382974502862e+02,-5.178144340380707256e+00
-1.292919140108116949e+02,-5.172638929982753098e+00
-1.291651897377519447e+02,-5.167133520092042076e+00
-1.290384654783004521e+02,-5.161628110709639117e+00
-1.289117412324866905e+02,-5.156122701836617139e+00
-1.287850170003402184e+02,-5.150617293474046399e+00
-1.286582927818905659e+02,-5.145111885623000703e+00
-1.285315685771675476e+02,-5.139606478284560964e+00
-1.284048443862007787e+02,-5.134101071459804544e+00
-1.282781202090201305e+02,-5.128595665149815019e+00
-1.281513960456553605e+02,-5.123090259355674192e+00
-1.280246718961364536e+02,-5.117584854078470968e+00
-1.278979477604933521e+02,-5.112079449319294255e+00
-1.277712236387561404e+02,-5.106574045079237401e+00
-1.276444995309548460e+02,-5.101068641359391975e+00
-1.275177754371196954e+02,-5.095563238160854880e+00
-1.273910513572808298e+02,-5.090057835484727455e+00
-1.272643272914686463e+02,-5.084552433332109267e+00
-1.271376032397133855e+02,-5.079047031704103432e+00
-1.270108792020455155e+02,-5.073541630601818397e+00
-1.268841551784954618e+02,-5.068036230026359945e+00
-1.267574311690938060e+02,-5.062530829978841851e+00
-1.266307071738710874e+02,-5.057025430460376114e+00
-1.265039831928580298e+02,-5.051520031472078287e+00
-1.263772592260852434e+02,-5.046014633015068362e+00
-1.262505352735836226e+02,-5.040509235090463669e+00
-1.261238113353839196e+02,-5.035003837699390417e+00
-1.259970874115170574e+02,-5.029498440842973928e+00
-1.258703635020140297e+02,-5.023993044522341300e+00
-1.257436396069057878e+02,-5.018487648738621409e+00
-1.256169157262234819e+02,-5.012982253492948459e+00
-1.254901918599982338e+02,-5.007476858786457541e+00
-1.253634680082612789e+02,-5.001971464620287300e+00
-1.252367441710438101e+02,-4.996466070995575492e+00
-1.251100203483772617e+02,-4.990960677913465204e+00
-1.249832965402929403e+02,-4.985455285375102186e+00
-1.248565727468223656e+02,-4.979949893381632187e+00
-1.247298489679970288e+02,-4.974444501934205398e+00
-1.246031252038484922e+02,-4.968939111033974676e+00
-1.244764014544084034e+02,-4.963433720682092876e+00
-1.243496777197084526e+02,-4.957928330879717294e+00
-1.242229539997804295e+02,-4.952422941628007891e+00
-1.240962302946561664e+02,-4.946917552928126405e+00
-1.239695066043674956e+02,-4.941412164781235461e+00
-1.238427829289464199e+02,-4.935906777188503014e+00
-1.237160592684248854e+02,-4.930401390151095242e+00
-1.235893356228350513e+02,-4.924896003670187206e+00
-1.234626119922089771e+02,-4.919390617746951300e+00
-1.233358883765788931e+02,-4.913885232382561696e+00
-1.232091647759770439e+02,-4.908379847578198785e+00
-1.230824411904357447e+02,-4.902874463335041177e+00
-1.229557176199873538e+02,-4.897369079654275481e+00
-1.228289940646643430e+02,-4.891863696537087414e+00
-1.227022705244992267e+02,-4.886358313984661805e+00
-1.225755469995245335e+02,-4.880852931998191480e+00
-1.224488234897729058e+02,-4.875347550578868372e+00
-1.223220999952770285e+02,-4.869842169727888859e+00
-1.221953765160696435e+02,-4.864336789446451093e+00
-1.220686530521835635e+02,-4.858831409735752338e+00
-1.219419296036516727e+02,-4.853326030596997853e+00
-1.218152061705068832e+02,-4.847820652031392896e+00
-1.216884827527822210e+02,-4.842315274040142725e+00
-1.215617593505106981e+02,-4.836809896624460592e+00
-1.214350359637254684e+02,-4.831304519785554419e+00
-1.213083125924597283e+02,-4.825799143524641899e+00
-1.211815892367466745e+02,-4.820293767842938060e+00
-1.210548658966196172e+02,-4.814788392741665035e+00
-1.209281425721119518e+02,-4.809283018222042294e+00
-1.208014192632570882e+02,-4.803777644285295523e+00
-1.206746959700885213e+02,-4.798272270932650407e+00
-1.205479726926397603e+02,-4.792766898165336187e+00
-1.204212494309444565e+02,-4.787261525984583876e+00
-1.202945261850363039e+02,-4.781756154391629821e+00
-1.201678029549489821e+02,-4.776250783387707699e+00
-1.200410797407163130e+02,-4.770745412974058297e+00
-1.199143565423721611e+02,-4.765240043151919735e+00
-1.197876333599504477e+02,-4.759734673922539017e+00
-1.196609101934851509e+02,-4.754229305287159590e+00
-1.195341870430102915e+02,-4.748723937247032012e+00
-1.194074639085599756e+02,-4.743218569803404172e+00
-1.192807407901684371e+02,-4.737713202957532843e+00
-1.191540176878698105e+02,-4.732207836710670357e+00
-1.190272946016984577e+02,-4.726702471064078814e+00
-1.189005715316886693e+02,-4.721197106019013212e+00
-1.187738484778748642e+02,-4.715691741576739204e+00
-1.186471254402915747e+02,-4.710186377738522445e+00
-1.185204024189733190e+02,-4.704681014505630365e+00
-1.183936794139546294e+02,-4.699175651879332172e+00
-1.182669564252702372e+02,-4.693670289860901512e+00
-1.181402334529548455e+02,-4.688164928451612035e+00
-1.180135104970432280e+02,-4.682659567652743604e+00
-1.178867875575702158e+02,-4.677154207465571645e+00
-1.177600646345707105e+02,-4.671648847891381351e+00
-1.176333417280797562e+02,-4.666143488931457028e+00
-1.175066188381322547e+02,-4.660638130587082983e+00
-1.173798959647634064e+02,-4.655132772859553292e+00
-1.172531731080082977e+02,-4.649627415750155812e+00
-1.171264502679021859e+02,-4.644122059260185509e+00
-1.169997274444803139e+02,-4.638616703390940899e+00
-1.168730046377780099e+02,-4.633111348143716945e+00
-1.167462818478307156e+02,-4.627605993519818384e+00
-1.166195590746738731e+02,-4.622100639520548171e+00
-1.164928363183430093e+02,-4.616595286147214594e+00
-1.163661135788736942e+02,-4.611089933401121499e+00
-1.162393908563015259e+02,-4.605584581283582501e+00
-1.161126681506623299e+02,-4.600079229795912994e+00
-1.159859454619917614e+02,-4.594573878939424816e+00
-1.158592227903257026e+02,-4.589068528715440465e+00
-1.157325001357000502e+02,-4.583563179125276221e+00
-1.156057774981507151e+02,-4.578057830170258136e+00
-1.154790548777137786e+02,-4.572552481851711370e+00
-1.153523322744252653e+02,-4.567047134170961975e+00
-1.152256096883213417e+02,-4.561541787129343994e+00
-1.150988871194381744e+02,-4.556036440728186143e+00
-1.149721645678120439e+02,-4.550531094968825130e+00
-1.148454420334792871e+02,-4.545025749852598551e+00
-1.147187195164762556e+02,-4.539520405380846668e+00
-1.145919970168394286e+02,-4.534015061554911519e+00
-1.144652745346052996e+02,-4.528509718376137805e+00
-1.143385520698104330e+02,-4.523004375845872005e+00
-1.142118296224914644e+02,-4.517499033965465038e+00
-1.140851071926851006e+02,-4.511993692736267825e+00
-1.139583847804280623e+02,-4.506488352159635724e+00
-1.138316623857572267e+02,-4.500983012236924985e+00
-1.137049400087093716e+02,-4.495477672969493632e+00
-1.135782176493215161e+02,-4.489972334358705019e+00
-1.134514953076306512e+02,-4.484466996405923389e+00
-1.133247729836738245e+02,-4.478961659112513871e+00
-1.131980506774881547e+02,-4.473456322479845149e+00
-1.130713283891108318e+02,-4.467950986509290345e+00
-1.129446061185791308e+02,-4.462445651202222585e+00
-1.128178838659303267e+02,-4.456940316560014992e+00
-1.126911616312017941e+02,-4.451434982584050459e+00
-1.125644394144309643e+02,-4.445929649275707440e+00
-1.124377172156553399e+02,-4.440424316636368829e+00
-1.123109950349124944e+02,-4.434918984667421960e+00
-1.121842728722400011e+02,-4.429413653370253279e+00
-1.120575507276755758e+02,-4.423908322746255450e+00
-1.119308286012569624e+02,-4.418402992796820250e+00
-1.118041064930219051e+02,-4.412897663523341230e+00
-1.116773844030083325e+02,-4.407392334927218158e+00
-1.115506623312541450e+02,-4.401887007009852582e+00
-1.114239402777973282e+02,-4.396381679772644269e+00
-1.112972182426759389e+02,-4.390876353217000982e+00
-1.111704962259280762e+02,-4.385371027344326045e+00
-1.110437742275919106e+02,-4.379865702156033436e+00
-1.109170522477056835e+02,-4.374360377653532694e+00
-1.107903302863076789e+02,-4.368855053838240465e+00
-1.106636083434362519e+02,-4.363349730711571617e+00
-1.105368864191298570e+02,-4.357844408274947234e+00
-1.104101645134269205e+02,-4.352339086529789292e+00
-1.102834426263660532e+02,-4.346833765477521538e+00
-1.101567207579857808e+02,-4.341328445119570389e+00
-1.100299989083247993e+02,-4.335823125457364036e+00
-1.099032770774218619e+02,-4.330317806492336885e+00
-1.097765552653157215e+02,-4.324812488225919793e+00
-1.096498334720452448e+02,-4.319307170659551609e+00
-1.095231116976493126e+02,-4.313801853794668517e+00
-1.093963899421669481e+02,-4.308296537632712919e+00
-1.092696682056371458e+02,-4.302791222175129882e+00
-1.091429464880990281e+02,-4.297285907423362694e+00
-1.090162247895917460e+02,-4.291780593378860864e+00
-1.088895031101544930e+02,-4.286275280043075675e+00
-1.087627814498265764e+02,-4.280769967417459299e+00
-1.086360598086473175e+02,-4.275264655503467459e+00
-1.085093381866561515e+02,-4.269759344302560322e+00
-1.083826165838925277e+02,-4.264254033816195388e+00
-1.082558950003959950e+02,-4.258748724045837264e+00
-1.081291734362060879e+02,-4.253243414992949667e+00
-1.080024518913624973e+02,-4.247738106659000756e+00
-1.078757303659049427e+02,-4.242232799045463132e+00
-1.077490088598731859e+02,-4.236727492153804953e+00
-1.076222873733070458e+02,-4.231222185985504147e+00
-1.074955659062463980e+02,-4.225716880542036868e+00
-1.073688444587313171e+02,-4.220211575824883710e+00
-1.072421230308016931e+02,-4.214706271835525264e+00
-1.071154016224976573e+02,-4.209200968575447455e+00
-1.069886802338593697e+02,-4.203695666046137092e+00
-1.068619588649270042e+02,-4.198190364249080986e+00
-1.067352375157408773e+02,-4.192685063185774830e+00
-1.066085161863412480e+02,-4.187179762857710763e+00
-1.064817948767685607e+02,-4.181674463266384478e+00
-1.063550735870632593e+02,-4.176169164413296109e+00
-1.062283523172658306e+02,-4.170663866299947564e+00
-1.061016310674168608e+02,-4.165158568927841642e+00
-1.059749098375570071e+02,-4.159653272298484694e+00
-1.058481886277269552e+02,-4.154147976413386623e+00
-1.057214674379674335e+02,-4.148642681274055555e+00
-1.055947462683193123e+02,-4.143137386882006723e+00
-1.054680251188234621e+02,-4.137632093238755360e+00
-1.053413039895208243e+02,-4.132126800345822915e+00
-1.052145828804523973e+02,-4.126621508204725508e+00
-1.050878617916592361e+02,-4.121116216816988143e+00
-1.049611407231825098e+02,-4.115610926184135820e+00
-1.048344196750633728e+02,-4.110105636307697985e+00
-1.047076986473431077e+02,-4.104600347189202303e+00
-1.045809776400629971e+02,-4.099095058830183547e+00
-1.044542566532644372e+02,-4.093589771232176489e+00
-1.043275356869888526e+02,-4.088084484396718565e+00
-1.042008147412777816e+02,-4.082579198325348990e+00
-1.040740938161727200e+02,-4.077073913019611417e+00
-1.039473729117153482e+02,-4.071568628481048613e+00
-1.038206520279473608e+02,-4.066063344711209560e+00
-1.036939311649104098e+02,-4.060558061711643241e+00
-1.035672103226464031e+02,-4.055052779483901304e+00
-1.034404895011971917e+02,-4.049547498029539838e+00
-1.033137687006046406e+02,-4.044042217350112267e+00
-1.031870479209107998e+02,-4.038536937447180009e+00
-1.030603271621577193e+02,-4.033031658322305368e+00
-1.029336064243875057e+02,-4.027526379977050652e+00
-1.028068857076423370e+02,-4.022021102412984384e+00
-1.026801650119644478e+02,-4.016515825631672421e+00
-1.025534443373961437e+02,-4.011010549634688616e+00
-1.024267236839798016e+02,-4.005505274423605933e+00
-1.023000030517578125e+02,-4.000000000000000000e+00
